                  Length  Diameter    Height  Whole Wt  Shucked Wt
Length          1.000000  0.986812  0.827554   0.925261   0.897914
Diameter        0.986812  1.000000  0.833684   0.925452   0.893162
Height          0.827554  0.833684  1.000000   0.819221   0.774972
Whole weight    0.925261  0.925452  0.819221   1.000000   0.969405
Shucked weight  0.897914  0.893162  0.774972   0.969405   1.000000
Viscera weight  0.903018  0.899724  0.798319   0.966375   0.931961
Shell weight    0.897706  0.905330  0.817338   0.955355   0.882617
Rings           0.556720  0.574660  0.557467   0.540390   0.420884

                Viscera weight  Shell weight     Rings  
Length                0.903018      0.897706  0.556720  
Diameter              0.899724      0.905330  0.574660  
Height                0.798319      0.817338  0.557467  
Whole weight          0.966375      0.955355  0.540390  
Shucked weight        0.931961      0.882617  0.420884  
Viscera weight        1.000000      0.907656  0.503819  
Shell weight          0.907656      1.000000  0.627574  
Rings                 0.503819      0.627574  1.000000  
